@relation KNN_Emotion_train

@attribute class {bot,human}
@attribute joy numeric
@attribute surprise numeric
@attribute fear numeric
@attribute sadness numeric
@attribute anger numeric

@data
bot,0.703584,0.128419,0.113918,0.045911,0.008168
bot,0.544435,0.190533,0.145717,0.112559,0.006755
bot,0.328578,0.180779,0.174079,0.161135,0.155429
bot,0.438305,0.250956,0.147975,0.137544,0.02522
bot,0.441898,0.366193,0.068614,0.064704,0.058591
bot,0.403741,0.305842,0.222066,0.061089,0.007262
bot,0.404688,0.333978,0.164106,0.053085,0.044143
bot,0.466511,0.235255,0.17331,0.08963,0.035293
bot,0.294009,0.267413,0.180396,0.163229,0.094952
bot,0.43063,0.327299,0.12487,0.104613,0.012587
bot,0.370571,0.302421,0.197782,0.094964,0.034261
bot,0.67785,0.225673,0.057529,0.022816,0.016132
bot,0.336531,0.234109,0.213767,0.150349,0.065245
bot,0.323389,0.267864,0.229213,0.172959,0.006576
bot,0.433747,0.169558,0.167545,0.160359,0.068791
bot,0.405069,0.199086,0.194644,0.105402,0.0958
bot,0.52819,0.239825,0.112635,0.081749,0.037602
bot,0.56117,0.275818,0.102952,0.049807,0.010254
bot,0.380073,0.303893,0.182119,0.124745,0.009169
bot,0.240911,0.231603,0.187604,0.182498,0.157383
bot,0.322785,0.209312,0.171302,0.152595,0.144006
bot,0.332317,0.214697,0.186146,0.141542,0.125297
bot,0.325548,0.30225,0.167759,0.125227,0.079217
bot,0.564809,0.230556,0.145272,0.035986,0.023377
bot,0.462226,0.238737,0.237317,0.043138,0.018583
bot,0.461925,0.203533,0.142781,0.111852,0.079909
bot,0.362454,0.188211,0.177267,0.155995,0.116073
bot,0.491792,0.354044,0.067685,0.04776,0.038719
bot,0.233145,0.212322,0.201974,0.186235,0.166323
bot,0.286734,0.258024,0.184934,0.141218,0.129091
bot,0.43342,0.372016,0.116185,0.050553,0.027826
bot,0.382773,0.274775,0.195867,0.108629,0.037956
bot,0.501457,0.337542,0.079455,0.054402,0.027145
bot,0.33198,0.238577,0.180591,0.162731,0.086122
bot,0.308464,0.234129,0.213638,0.171356,0.072414
bot,0.397452,0.197181,0.168555,0.128306,0.108506
bot,0.51803,0.276014,0.151654,0.036998,0.017303
bot,0.348747,0.249234,0.236766,0.096731,0.068523
bot,0.464142,0.19966,0.187965,0.098108,0.050125
bot,0.277492,0.253276,0.205127,0.189576,0.074529
bot,0.862071,0.09443,0.037319,0.003527,0.002653
bot,0.391168,0.214152,0.188612,0.116859,0.089209
bot,0.405535,0.163435,0.155701,0.149269,0.12606
bot,0.263329,0.20724,0.185889,0.18001,0.163532
bot,0.549459,0.306419,0.049466,0.049344,0.045311
bot,0.384554,0.333589,0.148948,0.077464,0.055445
bot,0.568171,0.216114,0.120874,0.057296,0.037545
bot,0.442968,0.272546,0.164727,0.108218,0.01154
bot,0.405535,0.163435,0.155701,0.149269,0.12606
bot,0.552866,0.312349,0.080137,0.045341,0.009307
bot,0.379001,0.25747,0.191129,0.116434,0.055967
bot,0.435594,0.341297,0.117284,0.077236,0.028588
bot,0.287599,0.236139,0.180066,0.176752,0.119445
bot,0.396084,0.225889,0.150907,0.1299,0.097221
bot,0.266352,0.210046,0.196987,0.168163,0.158452
bot,0.657904,0.115426,0.083563,0.081704,0.061403
bot,0.247317,0.232557,0.196268,0.179654,0.144203
bot,0.560804,0.208663,0.100969,0.066654,0.06291
bot,0.609033,0.319847,0.04312,0.023551,0.004449
bot,0.419086,0.322713,0.135328,0.064162,0.058711
bot,0.615917,0.173442,0.089642,0.069613,0.051386
bot,0.566103,0.192315,0.113801,0.113484,0.014297
bot,0.337634,0.265382,0.21149,0.162506,0.022988
bot,0.384233,0.287331,0.150582,0.098472,0.079382
bot,0.444139,0.283886,0.111558,0.087616,0.072802
bot,0.363856,0.327616,0.176841,0.088337,0.043351
bot,0.495805,0.306067,0.097422,0.073196,0.027509
bot,0.345556,0.258939,0.216512,0.120585,0.058408
bot,0.280962,0.245041,0.20259,0.136551,0.134856
bot,0.549459,0.306419,0.049466,0.049344,0.045311
bot,0.377994,0.244086,0.198331,0.130288,0.049301
bot,0.442769,0.269042,0.10515,0.093334,0.089705
bot,0.409845,0.37551,0.117401,0.057958,0.039286
bot,0.391142,0.33732,0.180342,0.058448,0.032748
bot,0.520804,0.293118,0.146109,0.031363,0.008607
bot,0.291083,0.231956,0.226144,0.184396,0.066421
bot,0.390918,0.253813,0.202481,0.087671,0.065118
bot,0.37933,0.209689,0.166845,0.12553,0.118606
bot,0.574405,0.186185,0.109084,0.108037,0.022289
bot,0.375861,0.27022,0.170542,0.130265,0.053112
bot,0.335286,0.26519,0.177294,0.11836,0.103871
bot,0.332317,0.214697,0.186146,0.141542,0.125297
bot,0.549459,0.306419,0.049466,0.049344,0.045311
bot,0.222378,0.219347,0.212486,0.186567,0.159222
bot,0.346732,0.300427,0.173757,0.128045,0.051039
bot,0.251811,0.251253,0.209073,0.205368,0.082494
bot,0.269021,0.243679,0.225249,0.164605,0.097445
bot,0.280587,0.258822,0.18794,0.143469,0.129182
bot,0.383683,0.359455,0.209116,0.030386,0.01736
bot,0.282531,0.21716,0.192946,0.164956,0.142407
bot,0.446381,0.194196,0.133029,0.115747,0.110647
bot,0.569433,0.135962,0.110758,0.093274,0.090573
bot,0.586446,0.133274,0.101261,0.090524,0.088496
bot,0.34123,0.313982,0.163456,0.123362,0.05797
bot,0.273556,0.257547,0.247828,0.181408,0.039661
bot,0.481914,0.401943,0.088829,0.022658,0.004656
bot,0.266823,0.249047,0.165857,0.161655,0.156617
bot,0.510776,0.303463,0.132206,0.036944,0.016612
bot,0.608303,0.238512,0.109439,0.024347,0.019398
bot,0.382837,0.382368,0.135424,0.086515,0.012856
bot,0.667466,0.169725,0.061606,0.053599,0.047605
bot,0.433559,0.339128,0.150501,0.050339,0.026472
bot,0.317079,0.244796,0.201842,0.175647,0.060637
bot,0.277532,0.205047,0.188528,0.177076,0.151817
bot,0.398848,0.30341,0.198737,0.079567,0.019438
bot,0.679072,0.179843,0.082364,0.035547,0.023174
bot,0.395887,0.386999,0.107684,0.066166,0.043264
bot,0.379459,0.271336,0.126486,0.111574,0.111145
bot,0.447661,0.257956,0.149278,0.114283,0.030822
bot,0.380867,0.269702,0.210076,0.091473,0.047883
bot,0.289982,0.252493,0.19788,0.143583,0.116062
bot,0.25377,0.240413,0.238728,0.217395,0.049693
bot,0.275958,0.249117,0.163709,0.159983,0.151233
bot,0.298054,0.195347,0.182301,0.170082,0.154217
bot,0.773935,0.136335,0.055152,0.021976,0.012602
bot,0.434742,0.208585,0.183105,0.089302,0.084266
bot,0.504156,0.165259,0.128892,0.125411,0.076283
bot,0.405535,0.163435,0.155701,0.149269,0.12606
bot,0.282531,0.21716,0.192946,0.164956,0.142407
bot,0.405535,0.163435,0.155701,0.149269,0.12606
bot,0.471135,0.302309,0.12108,0.089372,0.016105
bot,0.755467,0.091631,0.069754,0.054057,0.02909
bot,0.377522,0.309575,0.114527,0.103002,0.095374
bot,0.45801,0.292454,0.156331,0.048572,0.044633
bot,0.505931,0.296719,0.100015,0.049859,0.047477
bot,0.347084,0.278826,0.20871,0.09539,0.06999
bot,0.411706,0.334316,0.153782,0.058419,0.041777
bot,0.366764,0.23999,0.179311,0.155172,0.058764
bot,0.55335,0.326516,0.077748,0.027678,0.014708
bot,0.35999,0.279546,0.172248,0.110972,0.077244
bot,0.372321,0.2658,0.151501,0.111016,0.099362
bot,0.298054,0.195347,0.182301,0.170082,0.154217
bot,0.322785,0.209312,0.171302,0.152595,0.144006
bot,0.63145,0.175134,0.089241,0.066728,0.037448
bot,0.357977,0.294887,0.16011,0.109227,0.077799
bot,0.446705,0.222796,0.180203,0.104107,0.046189
bot,0.53681,0.239906,0.124882,0.091422,0.006979
bot,0.293651,0.245209,0.207053,0.153687,0.100399
bot,0.415748,0.278409,0.14025,0.092606,0.072988
bot,0.396459,0.349017,0.154887,0.065584,0.034053
bot,0.379084,0.353518,0.160082,0.08295,0.024366
bot,0.322785,0.209312,0.171302,0.152595,0.144006
bot,0.627727,0.133241,0.101856,0.086338,0.050839
bot,0.526207,0.244356,0.107597,0.077289,0.044551
bot,0.480575,0.246844,0.105393,0.095702,0.071485
bot,0.473437,0.242135,0.160378,0.089107,0.034943
bot,0.454603,0.415989,0.079043,0.028743,0.021622
bot,0.428806,0.272708,0.196703,0.086384,0.015399
bot,0.812111,0.126582,0.044543,0.009715,0.00705
bot,0.289721,0.254292,0.207972,0.130738,0.117277
bot,0.528456,0.159085,0.157289,0.082596,0.072573
bot,0.828734,0.092686,0.065976,0.011412,0.001193
bot,0.68772,0.102575,0.100238,0.096229,0.013238
bot,0.538973,0.149156,0.148012,0.105533,0.058325
bot,0.282531,0.21716,0.192946,0.164956,0.142407
bot,0.474149,0.412924,0.057395,0.046969,0.008563
bot,0.809497,0.159722,0.019741,0.007825,0.003216
bot,0.384194,0.33025,0.131377,0.08883,0.065348
bot,0.500225,0.46704,0.021792,0.008848,0.002095
bot,0.341542,0.226167,0.187142,0.132663,0.112487
bot,0.376536,0.221111,0.15059,0.139549,0.112215
bot,0.395777,0.277505,0.141407,0.114239,0.071072
bot,0.466067,0.27836,0.187505,0.058777,0.00929
bot,0.448874,0.212841,0.208344,0.100295,0.029647
bot,0.769309,0.102388,0.054214,0.048368,0.025721
bot,0.49283,0.164948,0.163025,0.117514,0.061683
bot,0.815117,0.116586,0.055805,0.007834,0.004658
bot,0.571757,0.246235,0.113977,0.034475,0.033557
bot,0.291251,0.267767,0.220067,0.15462,0.066294
bot,0.683029,0.222767,0.034659,0.031298,0.028246
bot,0.30617,0.246459,0.172798,0.161633,0.11294
bot,0.704137,0.183608,0.051996,0.032796,0.027464
bot,0.268457,0.222832,0.178667,0.178222,0.151821
bot,0.505939,0.310307,0.101107,0.044003,0.038644
bot,0.348056,0.326716,0.125299,0.120763,0.079166
bot,0.278866,0.230772,0.180885,0.159341,0.150135
bot,0.290218,0.222206,0.208442,0.144373,0.134761
bot,0.380174,0.219602,0.199973,0.124144,0.076107
bot,0.483068,0.218482,0.1744,0.0696,0.05445
bot,0.437805,0.332223,0.09333,0.08499,0.051652
bot,0.322785,0.209312,0.171302,0.152595,0.144006
bot,0.370632,0.261768,0.155366,0.10635,0.105885
bot,0.465272,0.241569,0.145519,0.107614,0.040026
bot,0.41774,0.235225,0.231775,0.08795,0.02731
bot,0.287757,0.238068,0.23771,0.18353,0.052935
bot,0.34083,0.246412,0.168868,0.160237,0.083653
bot,0.716404,0.122272,0.080724,0.061228,0.019371
bot,0.515926,0.286782,0.162244,0.023905,0.011143
bot,0.495543,0.219353,0.217385,0.038973,0.028746
bot,0.420173,0.410859,0.095533,0.042054,0.031382
bot,0.360854,0.260137,0.159182,0.157174,0.062652
bot,0.378495,0.289481,0.12739,0.112377,0.092257
bot,0.351012,0.284512,0.230379,0.096368,0.037728
bot,0.424042,0.331614,0.218488,0.022574,0.003282
bot,0.525886,0.301726,0.09871,0.040856,0.032823
bot,0.460507,0.302609,0.145881,0.070828,0.020175
bot,0.907511,0.068138,0.020366,0.002997,0.000988
bot,0.685473,0.125424,0.09181,0.075464,0.021829
bot,0.712593,0.140529,0.086406,0.034444,0.026028
bot,0.280323,0.219536,0.201453,0.150095,0.148592
bot,0.326172,0.204898,0.1889,0.143978,0.136052
bot,0.468001,0.363299,0.147866,0.014799,0.006035
bot,0.870879,0.046427,0.038424,0.02973,0.01454
bot,0.401668,0.222938,0.174512,0.12563,0.075253
bot,0.298054,0.195347,0.182301,0.170082,0.154217
bot,0.329606,0.324683,0.17813,0.092673,0.074907
bot,0.455365,0.300698,0.122535,0.068088,0.053313
bot,0.400333,0.308334,0.188247,0.092611,0.010474
bot,0.40393,0.333009,0.193048,0.051398,0.018616
bot,0.288948,0.243816,0.203555,0.199055,0.064625
bot,0.712387,0.175563,0.09411,0.011407,0.006534
bot,0.489597,0.354848,0.094859,0.036867,0.023829
bot,0.611857,0.270497,0.093125,0.015732,0.00879
bot,0.397874,0.21475,0.182037,0.109354,0.095985
bot,0.362454,0.188211,0.177267,0.155995,0.116073
bot,0.345539,0.271513,0.22546,0.10317,0.054319
bot,0.530663,0.298115,0.089532,0.061665,0.020024
bot,0.376528,0.24361,0.152467,0.115234,0.112161
bot,0.425162,0.278912,0.103255,0.100013,0.092659
bot,0.313803,0.295682,0.179257,0.109492,0.101766
bot,0.414486,0.351793,0.176231,0.044602,0.012889
bot,0.578658,0.190584,0.134933,0.073122,0.022703
bot,0.43979,0.252413,0.202854,0.085753,0.019191
bot,0.375663,0.226845,0.158738,0.15868,0.080074
bot,0.596441,0.294017,0.062524,0.03563,0.011387
bot,0.241296,0.215947,0.206155,0.190697,0.145906
bot,0.302895,0.291972,0.225771,0.123559,0.055803
bot,0.413725,0.237273,0.185071,0.100887,0.063043
bot,0.37933,0.209689,0.166845,0.12553,0.118606
bot,0.623593,0.110882,0.101643,0.087501,0.07638
bot,0.30752,0.282156,0.163975,0.134328,0.112021
bot,0.594744,0.200651,0.123495,0.056938,0.024172
bot,0.347888,0.213334,0.182745,0.178844,0.077189
bot,0.31976,0.273698,0.213282,0.173417,0.019843
bot,0.372752,0.18019,0.171698,0.147888,0.127472
bot,0.636279,0.24931,0.080686,0.029903,0.003822
bot,0.355236,0.226234,0.167554,0.15096,0.100017
bot,0.395425,0.320032,0.132348,0.092147,0.060048
bot,0.304919,0.294228,0.203148,0.13075,0.066954
bot,0.376528,0.24361,0.152467,0.115234,0.112161
bot,0.41882,0.240082,0.235701,0.08781,0.017587
bot,0.469535,0.198138,0.162071,0.135466,0.03479
bot,0.243171,0.223635,0.198085,0.176774,0.158335
bot,0.316441,0.272231,0.230014,0.098937,0.082377
bot,0.340194,0.336956,0.139753,0.119807,0.06329
bot,0.752971,0.180585,0.04055,0.013105,0.012789
bot,0.691366,0.167281,0.093098,0.030723,0.017531
bot,0.4928,0.171143,0.122701,0.11357,0.099786
bot,0.360924,0.22898,0.192811,0.134934,0.082352
bot,0.513383,0.179679,0.174906,0.080952,0.05108
bot,0.343078,0.20228,0.194916,0.136187,0.123539
bot,0.387801,0.244019,0.210118,0.122146,0.035916
bot,0.435085,0.191777,0.176726,0.145119,0.051293
bot,0.717077,0.130795,0.067087,0.046968,0.038074
bot,0.769785,0.144618,0.030794,0.027586,0.027218
bot,0.332317,0.214697,0.186146,0.141542,0.125297
bot,0.319046,0.305673,0.291059,0.071147,0.013076
bot,0.264826,0.237863,0.167842,0.165451,0.164018
bot,0.291249,0.275836,0.19404,0.137534,0.101342
bot,0.384364,0.205717,0.153084,0.132706,0.12413
bot,0.498329,0.231969,0.138799,0.101757,0.029146
bot,0.444132,0.269609,0.136016,0.084254,0.06599
bot,0.445256,0.427808,0.072163,0.034023,0.02075
bot,0.516142,0.260716,0.079579,0.074996,0.068567
bot,0.306038,0.283577,0.155693,0.143625,0.111067
bot,0.584103,0.245542,0.079016,0.050446,0.040893
bot,0.553159,0.265986,0.095068,0.046098,0.03969
bot,0.482183,0.172924,0.131382,0.113914,0.099597
bot,0.34595,0.254297,0.20587,0.143309,0.050573
bot,0.279309,0.237179,0.178546,0.1648,0.140166
bot,0.341542,0.226167,0.187142,0.132663,0.112487
bot,0.484808,0.214803,0.130988,0.106885,0.062516
bot,0.481525,0.331659,0.104847,0.05535,0.02662
bot,0.68479,0.182797,0.094076,0.02261,0.015727
bot,0.384979,0.277829,0.138376,0.113613,0.085203
bot,0.464531,0.262678,0.109329,0.088854,0.074608
bot,0.338744,0.318996,0.124726,0.113178,0.104356
bot,0.576251,0.228898,0.084909,0.060223,0.049719
bot,0.578168,0.289214,0.055048,0.047247,0.030323
bot,0.304352,0.250963,0.2046,0.182421,0.057664
bot,0.580743,0.240917,0.105444,0.04141,0.031485
bot,0.32468,0.299113,0.189521,0.138324,0.048363
bot,0.586579,0.337675,0.032344,0.026877,0.016525
bot,0.501145,0.289214,0.141517,0.037334,0.030789
bot,0.253454,0.224465,0.204753,0.189041,0.128287
bot,0.353909,0.194162,0.180521,0.140309,0.131099
bot,0.372321,0.2658,0.151501,0.111016,0.099362
bot,0.619379,0.143764,0.096881,0.083913,0.056063
bot,0.298134,0.222184,0.200747,0.173328,0.105608
bot,0.608977,0.251265,0.05405,0.045935,0.039773
bot,0.396459,0.349017,0.154887,0.065584,0.034053
bot,0.348897,0.275837,0.226337,0.107561,0.041368
bot,0.629495,0.208914,0.110268,0.02969,0.021634
bot,0.326822,0.273352,0.17413,0.159685,0.066011
bot,0.620085,0.259414,0.046613,0.04088,0.033008
bot,0.404431,0.206559,0.15614,0.118654,0.114216
bot,0.228191,0.210881,0.206658,0.190997,0.163273
bot,0.321349,0.289911,0.226667,0.127398,0.034674
bot,0.364557,0.244904,0.186059,0.14528,0.0592
bot,0.30939,0.276586,0.216156,0.107442,0.090426
bot,0.500863,0.158182,0.141308,0.127946,0.071701
bot,0.76334,0.146175,0.050246,0.021071,0.019168
bot,0.397177,0.263358,0.226907,0.068314,0.044244
bot,0.551045,0.280156,0.084372,0.052062,0.032364
bot,0.689381,0.195979,0.106084,0.006566,0.00199
bot,0.359276,0.2221,0.168183,0.150853,0.099587
bot,0.313394,0.258953,0.241799,0.102806,0.083048
bot,0.533012,0.214437,0.184788,0.059123,0.008639
bot,0.293651,0.245209,0.207053,0.153687,0.100399
bot,0.362454,0.188211,0.177267,0.155995,0.116073
bot,0.669185,0.222401,0.082557,0.014258,0.0116
bot,0.60884,0.181112,0.177557,0.027202,0.005289
bot,0.37933,0.209689,0.166845,0.12553,0.118606
bot,0.405535,0.163435,0.155701,0.149269,0.12606
bot,0.549459,0.306419,0.049466,0.049344,0.045311
bot,0.474742,0.406595,0.060399,0.032698,0.025565
bot,0.450381,0.359577,0.117314,0.047451,0.025278
bot,0.638604,0.293428,0.034359,0.017527,0.016083
bot,0.527088,0.164278,0.132172,0.116106,0.060357
bot,0.420163,0.257496,0.159227,0.117922,0.045193
bot,0.465276,0.182707,0.145757,0.130881,0.07538
bot,0.708495,0.164598,0.048151,0.04173,0.037025
bot,0.673637,0.140217,0.071144,0.064612,0.05039
bot,0.68143,0.161323,0.084834,0.05316,0.019254
bot,0.502076,0.29521,0.100471,0.053008,0.049234
bot,0.514639,0.424126,0.03532,0.016269,0.009646
bot,0.526121,0.175602,0.137099,0.092097,0.06908
bot,0.465272,0.241569,0.145519,0.107614,0.040026
bot,0.332317,0.214697,0.186146,0.141542,0.125297
bot,0.427979,0.308961,0.130612,0.078334,0.054114
bot,0.353909,0.194162,0.180521,0.140309,0.131099
bot,0.330616,0.245347,0.217514,0.107029,0.099495
bot,0.551144,0.165418,0.134518,0.101221,0.047698
bot,0.427753,0.289165,0.247126,0.024182,0.011774
bot,0.376528,0.24361,0.152467,0.115234,0.112161
bot,0.696562,0.175198,0.086075,0.038749,0.003416
bot,0.32154,0.312518,0.161163,0.121555,0.083223
bot,0.282531,0.21716,0.192946,0.164956,0.142407
bot,0.419759,0.392038,0.103349,0.051091,0.033763
bot,0.294028,0.244339,0.187165,0.161061,0.113406
bot,0.396538,0.370421,0.114791,0.100949,0.017301
bot,0.982854,0.01421,0.001811,0.000638,0.000487
bot,0.628907,0.197954,0.085248,0.046074,0.041817
bot,0.31829,0.211799,0.173769,0.157989,0.138154
bot,0.698932,0.118954,0.082615,0.068851,0.030648
bot,0.313351,0.277081,0.214738,0.120097,0.074733
bot,0.284158,0.272554,0.23698,0.17891,0.027399
bot,0.388919,0.316398,0.117789,0.08897,0.087924
bot,0.619695,0.148251,0.109351,0.068888,0.053815
bot,0.365756,0.270159,0.207391,0.11197,0.044725
bot,0.46299,0.227789,0.183476,0.091476,0.03427
bot,0.549459,0.306419,0.049466,0.049344,0.045311
bot,0.456983,0.336542,0.09786,0.088129,0.020486
bot,0.339109,0.303927,0.155324,0.125259,0.076381
bot,0.235276,0.22253,0.203794,0.171516,0.166883
bot,0.372321,0.2658,0.151501,0.111016,0.099362
bot,0.37933,0.209689,0.166845,0.12553,0.118606
bot,0.720477,0.223061,0.025641,0.017606,0.013215
bot,0.380259,0.280917,0.229704,0.066995,0.042126
bot,0.615917,0.173442,0.089642,0.069613,0.051386
bot,0.787835,0.162359,0.034679,0.007874,0.007253
bot,0.517162,0.27625,0.07549,0.069355,0.061743
bot,0.376528,0.24361,0.152467,0.115234,0.112161
bot,0.338755,0.29249,0.235677,0.117837,0.01524
bot,0.428117,0.281338,0.147897,0.107097,0.035552
bot,0.409434,0.389401,0.083671,0.059868,0.057625
bot,0.377766,0.331353,0.177482,0.066564,0.046835
bot,0.781813,0.07376,0.07112,0.054416,0.018891
bot,0.409797,0.252412,0.143327,0.098174,0.096291
bot,0.308188,0.247861,0.20334,0.15443,0.086181
bot,0.332059,0.24309,0.22523,0.118118,0.081503
bot,0.922139,0.067477,0.007933,0.001714,0.000737
bot,0.477688,0.287305,0.124828,0.060389,0.04979
bot,0.819184,0.129507,0.041136,0.007331,0.002842
bot,0.454288,0.35193,0.11421,0.058844,0.020728
bot,0.569789,0.180614,0.11088,0.105479,0.033239
bot,0.341542,0.226167,0.187142,0.132663,0.112487
bot,0.322785,0.209312,0.171302,0.152595,0.144006
bot,0.372599,0.266111,0.151405,0.135436,0.074449
bot,0.525739,0.177397,0.147362,0.080962,0.06854
bot,0.59754,0.246699,0.091174,0.040023,0.024564
bot,0.211632,0.211259,0.209415,0.189769,0.177925
bot,0.426713,0.23266,0.175228,0.125319,0.04008
bot,0.448691,0.34147,0.133749,0.072787,0.003302
bot,0.283525,0.213464,0.186813,0.172728,0.143469
bot,0.511204,0.299718,0.099615,0.059135,0.030328
bot,0.359473,0.287338,0.149357,0.132855,0.070978
bot,0.322785,0.209312,0.171302,0.152595,0.144006
bot,0.602362,0.272811,0.052293,0.048574,0.02396
bot,0.735868,0.146432,0.06877,0.0379,0.011029
bot,0.647469,0.144727,0.108222,0.070672,0.028911
bot,0.287804,0.24333,0.222677,0.200376,0.045813
bot,0.309797,0.233751,0.232799,0.198586,0.025068
bot,0.300018,0.247873,0.247399,0.156745,0.047964
bot,0.393181,0.222394,0.211274,0.119912,0.053239
bot,0.320531,0.212323,0.189663,0.145662,0.13182
bot,0.770687,0.08214,0.072855,0.046641,0.027677
bot,0.420925,0.303121,0.12677,0.075457,0.073727
bot,0.384887,0.325067,0.117934,0.109157,0.062955
bot,0.362454,0.188211,0.177267,0.155995,0.116073
bot,0.558041,0.234295,0.17008,0.02961,0.007974
bot,0.353985,0.243425,0.165717,0.133691,0.103181
bot,0.305667,0.238036,0.219722,0.144977,0.091598
bot,0.684421,0.197311,0.042058,0.040809,0.035401
bot,0.468577,0.164301,0.155622,0.106831,0.104669
bot,0.50559,0.243968,0.151112,0.051104,0.048225
bot,0.770094,0.072323,0.071933,0.070804,0.014847
bot,0.305807,0.235748,0.206479,0.200987,0.050979
bot,0.221015,0.211971,0.193266,0.1888,0.184947
bot,0.451588,0.233534,0.231667,0.047419,0.035791
bot,0.506104,0.246541,0.09925,0.079745,0.06836
bot,0.27765,0.228255,0.202713,0.158177,0.133205
bot,0.567413,0.15554,0.144529,0.101641,0.030876
bot,0.666497,0.123685,0.101623,0.079412,0.028783
bot,0.676576,0.167633,0.085546,0.049573,0.020672
bot,0.393888,0.392762,0.102192,0.088693,0.022465
bot,0.443248,0.210979,0.131189,0.122967,0.091618
bot,0.826545,0.106598,0.034172,0.025498,0.007187
bot,0.461574,0.212328,0.155192,0.122399,0.048506
bot,0.37933,0.209689,0.166845,0.12553,0.118606
bot,0.378461,0.322885,0.138621,0.086587,0.073446
bot,0.623704,0.255463,0.073485,0.040751,0.006596
bot,0.456255,0.207382,0.17978,0.090434,0.06615
bot,0.228191,0.210881,0.206658,0.190997,0.163273
bot,0.283199,0.222858,0.197652,0.164841,0.13145
bot,0.372321,0.2658,0.151501,0.111016,0.099362
bot,0.605479,0.314391,0.036011,0.024253,0.019866
bot,0.873527,0.061751,0.05517,0.007293,0.002259
bot,0.504548,0.209195,0.203037,0.076381,0.006839
bot,0.592564,0.126332,0.112133,0.106263,0.062709
bot,0.488752,0.216118,0.147057,0.102519,0.045555
bot,0.700665,0.134366,0.12998,0.020032,0.014957
bot,0.37933,0.209689,0.166845,0.12553,0.118606
bot,0.356294,0.345026,0.11943,0.115537,0.063713
bot,0.511006,0.221345,0.215395,0.047382,0.004872
bot,0.332317,0.214697,0.186146,0.141542,0.125297
bot,0.606271,0.230644,0.064907,0.062506,0.035672
bot,0.364489,0.27497,0.175045,0.110413,0.075083
bot,0.339351,0.297721,0.160822,0.12533,0.076775
bot,0.480644,0.315046,0.103849,0.090849,0.009612
bot,0.311002,0.236975,0.214062,0.203703,0.034259
bot,0.521809,0.366184,0.058847,0.02812,0.02504
bot,0.3017,0.300851,0.19531,0.119313,0.082826
bot,0.303857,0.218682,0.199663,0.149755,0.128044
bot,0.524883,0.245208,0.097026,0.07042,0.062463
bot,0.405535,0.163435,0.155701,0.149269,0.12606
bot,0.583183,0.140836,0.102219,0.097141,0.076621
bot,0.396173,0.239333,0.193947,0.094241,0.076307
bot,0.549459,0.306419,0.049466,0.049344,0.045311
bot,0.89378,0.039577,0.035222,0.018192,0.013229
bot,0.277524,0.239357,0.190519,0.166935,0.125664
bot,0.443367,0.19043,0.187335,0.09218,0.086688
bot,0.432402,0.233339,0.219013,0.100713,0.014533
bot,0.32682,0.261656,0.183609,0.12995,0.097965
bot,0.356104,0.304028,0.166497,0.148676,0.024695
bot,0.49934,0.350811,0.09439,0.030736,0.024723
bot,0.384003,0.365404,0.236648,0.00929,0.004655
bot,0.371682,0.200068,0.187275,0.163254,0.077722
bot,0.322785,0.209312,0.171302,0.152595,0.144006
bot,0.709727,0.159448,0.094064,0.025417,0.011344
bot,0.376528,0.24361,0.152467,0.115234,0.112161
bot,0.557272,0.22607,0.099377,0.082905,0.034377
bot,0.433993,0.254033,0.204058,0.098228,0.009687
bot,0.581661,0.199527,0.159981,0.036438,0.022394
bot,0.418015,0.242487,0.182713,0.129202,0.027583
bot,0.465144,0.236388,0.182152,0.060507,0.055809
bot,0.371682,0.200068,0.187275,0.163254,0.077722
bot,0.282531,0.21716,0.192946,0.164956,0.142407
bot,0.322785,0.209312,0.171302,0.152595,0.144006
bot,0.340942,0.229854,0.213781,0.155711,0.059713
bot,0.756636,0.118511,0.093782,0.024988,0.006082
bot,0.412508,0.372084,0.145274,0.055022,0.015112
bot,0.656525,0.281854,0.024632,0.021678,0.015311
bot,0.372321,0.2658,0.151501,0.111016,0.099362
bot,0.40761,0.223532,0.208073,0.086293,0.074492
bot,0.353259,0.314563,0.148485,0.094241,0.089452
bot,0.437837,0.265428,0.173636,0.089885,0.033214
bot,0.420626,0.240416,0.180146,0.084626,0.074187
bot,0.374969,0.237432,0.144318,0.12961,0.11367
bot,0.675967,0.131994,0.106557,0.046611,0.038872
bot,0.282531,0.21716,0.192946,0.164956,0.142407
bot,0.351405,0.338259,0.188235,0.065847,0.056253
bot,0.336531,0.234109,0.213767,0.150349,0.065245
bot,0.540061,0.164089,0.148369,0.129864,0.017617
bot,0.491592,0.186063,0.162008,0.103309,0.057028
bot,0.691257,0.144739,0.111019,0.028461,0.024524
bot,0.534493,0.216851,0.092664,0.082116,0.073875
bot,0.671048,0.141612,0.13082,0.035228,0.021291
bot,0.40966,0.333743,0.136748,0.07942,0.040429
bot,0.463625,0.275107,0.177921,0.055596,0.027751
bot,0.316595,0.247224,0.181849,0.146947,0.107385
bot,0.455427,0.240217,0.142412,0.098753,0.063192
bot,0.37933,0.209689,0.166845,0.12553,0.118606
bot,0.287118,0.228564,0.198062,0.146602,0.139654
bot,0.549132,0.167627,0.117504,0.103472,0.062265
bot,0.451212,0.273291,0.100953,0.095304,0.07924
bot,0.433503,0.402071,0.09961,0.059118,0.005698
bot,0.551908,0.171356,0.162468,0.104379,0.009889
bot,0.441938,0.252268,0.222108,0.060124,0.023562
bot,0.330283,0.214176,0.210928,0.145353,0.099261
bot,0.351824,0.313696,0.292181,0.035549,0.006751
bot,0.312789,0.243212,0.241258,0.110927,0.091814
bot,0.475403,0.257935,0.11847,0.095794,0.052397
bot,0.355166,0.279738,0.200551,0.134416,0.030129
bot,0.360516,0.287113,0.149329,0.135058,0.067983
bot,0.424563,0.367578,0.132421,0.048701,0.026737
bot,0.41472,0.334182,0.206699,0.031131,0.013269
bot,0.343632,0.262347,0.217871,0.091531,0.084619
bot,0.761155,0.170457,0.045074,0.013457,0.009858
bot,0.267971,0.261201,0.216516,0.203513,0.050798
bot,0.664543,0.159071,0.067824,0.061419,0.047143
bot,0.401769,0.308558,0.141366,0.082137,0.06617
bot,0.305501,0.28635,0.261525,0.107801,0.038824
bot,0.282531,0.21716,0.192946,0.164956,0.142407
bot,0.433722,0.155659,0.143664,0.134676,0.132279
bot,0.32704,0.226143,0.183628,0.149044,0.114144
bot,0.345847,0.224494,0.201776,0.135702,0.092182
bot,0.459341,0.314115,0.137145,0.062466,0.026933
bot,0.571061,0.203155,0.147532,0.066136,0.012115
bot,0.871788,0.074552,0.036062,0.011582,0.006016
bot,0.380965,0.257481,0.18955,0.086087,0.085918
bot,0.241296,0.215947,0.206155,0.190697,0.145906
bot,0.487755,0.271637,0.145437,0.073727,0.021443
bot,0.420459,0.37903,0.092103,0.073476,0.034932
bot,0.429213,0.260532,0.154804,0.092126,0.063325
bot,0.536311,0.314879,0.08713,0.039069,0.022612
bot,0.362454,0.188211,0.177267,0.155995,0.116073
bot,0.279859,0.244664,0.191696,0.178875,0.104906
bot,0.772652,0.105633,0.07147,0.030287,0.019958
bot,0.40658,0.303415,0.123719,0.107834,0.058452
bot,0.509126,0.199604,0.165906,0.088451,0.036913
bot,0.77311,0.099447,0.086276,0.022253,0.018915
bot,0.440522,0.27479,0.113634,0.093953,0.0771
bot,0.357578,0.328834,0.2037,0.067711,0.042178
bot,0.986244,0.012243,0.001286,0.000185,0.000041
bot,0.37933,0.209689,0.166845,0.12553,0.118606
bot,0.43342,0.372016,0.116185,0.050553,0.027826
bot,0.577138,0.230836,0.153452,0.025186,0.013387
bot,0.57672,0.229955,0.104727,0.050683,0.037916
bot,0.322785,0.209312,0.171302,0.152595,0.144006
bot,0.37933,0.209689,0.166845,0.12553,0.118606
bot,0.439431,0.387531,0.100895,0.055617,0.016525
bot,0.61118,0.260484,0.061741,0.038245,0.028351
bot,0.556862,0.24266,0.095667,0.057261,0.04755
bot,0.604913,0.149646,0.139422,0.075211,0.030807
bot,0.317464,0.202952,0.16683,0.15933,0.153425
bot,0.362454,0.188211,0.177267,0.155995,0.116073
bot,0.497626,0.362551,0.070474,0.0574,0.011948
bot,0.267969,0.254782,0.193801,0.154771,0.128678
bot,0.451216,0.177935,0.169465,0.134829,0.066555
bot,0.488942,0.3122,0.143274,0.04389,0.011694
bot,0.589242,0.163525,0.160875,0.072548,0.013809
bot,0.349558,0.260132,0.181703,0.147413,0.061194
bot,0.458046,0.276143,0.129346,0.113381,0.023084
bot,0.297411,0.228306,0.225964,0.138075,0.110244
bot,0.627228,0.294269,0.049745,0.014601,0.014157
bot,0.370906,0.23494,0.227096,0.099616,0.067443
bot,0.343078,0.20228,0.194916,0.136187,0.123539
bot,0.468537,0.205176,0.202457,0.079073,0.044757
bot,0.358054,0.211332,0.187582,0.174771,0.068261
bot,0.345273,0.267666,0.198387,0.108261,0.080414
bot,0.336531,0.234109,0.213767,0.150349,0.065245
bot,0.8168,0.058697,0.042366,0.041402,0.040734
bot,0.842799,0.115168,0.017134,0.01424,0.010658
bot,0.773894,0.141691,0.054756,0.019333,0.010325
bot,0.515644,0.20095,0.181879,0.065936,0.035592
bot,0.297965,0.194071,0.188822,0.18056,0.138582
bot,0.369916,0.359694,0.128924,0.092452,0.049015
bot,0.494566,0.196066,0.127471,0.124092,0.057805
bot,0.670722,0.19167,0.09035,0.031339,0.015918
bot,0.408358,0.31277,0.200988,0.064765,0.01312
bot,0.361458,0.335219,0.130554,0.105011,0.067758
bot,0.37933,0.209689,0.166845,0.12553,0.118606
bot,0.359826,0.181503,0.157714,0.153388,0.14757
bot,0.608409,0.227079,0.082881,0.071686,0.009944
bot,0.328491,0.225611,0.21844,0.115044,0.112414
bot,0.421688,0.199663,0.151759,0.116784,0.110106
bot,0.387696,0.269159,0.175455,0.084907,0.082783
bot,0.239278,0.220682,0.204964,0.175397,0.15968
bot,0.44415,0.248812,0.110424,0.103863,0.09275
bot,0.503949,0.17578,0.17458,0.106817,0.038873
bot,0.399878,0.323162,0.136067,0.095284,0.04561
bot,0.277279,0.274217,0.185173,0.13857,0.124762
bot,0.375111,0.26778,0.226884,0.103048,0.027177
bot,0.678004,0.228355,0.06923,0.021706,0.002705
bot,0.250525,0.242624,0.19713,0.157336,0.152385
bot,0.722093,0.136112,0.071534,0.051446,0.018816
bot,0.373172,0.28669,0.167181,0.152998,0.019959
bot,0.697945,0.160405,0.106239,0.018514,0.016897
bot,0.403961,0.248275,0.148444,0.132202,0.067117
bot,0.243171,0.223635,0.198085,0.176774,0.158335
bot,0.396234,0.209751,0.157193,0.125357,0.111466
bot,0.488617,0.281558,0.120782,0.057492,0.051552
bot,0.367404,0.329108,0.149461,0.112712,0.041316
bot,0.282531,0.21716,0.192946,0.164956,0.142407
bot,0.52725,0.327823,0.079837,0.040309,0.02478
bot,0.482058,0.259633,0.14198,0.07242,0.043909
bot,0.487629,0.368259,0.056482,0.054725,0.032905
bot,0.431962,0.20498,0.130025,0.117874,0.11516
bot,0.565009,0.247501,0.11114,0.055566,0.020785
bot,0.434996,0.258589,0.132572,0.096545,0.077298
bot,0.51712,0.212,0.162378,0.076943,0.031559
bot,0.548785,0.207264,0.090782,0.086613,0.066556
bot,0.549949,0.184035,0.114971,0.098579,0.052466
bot,0.384613,0.218908,0.167281,0.127834,0.101363
bot,0.493046,0.339526,0.111803,0.039006,0.016619
bot,0.812288,0.075904,0.052348,0.030345,0.029114
bot,0.472066,0.274262,0.12183,0.112722,0.01912
bot,0.549459,0.306419,0.049466,0.049344,0.045311
bot,0.679553,0.252341,0.039158,0.017252,0.011696
bot,0.326297,0.313721,0.141179,0.128569,0.090233
bot,0.339003,0.274169,0.197792,0.171246,0.01779
bot,0.590375,0.144613,0.094529,0.08944,0.081043
bot,0.413855,0.398629,0.094132,0.086817,0.006568
bot,0.489635,0.321248,0.118613,0.046389,0.024114
bot,0.315236,0.274037,0.251745,0.082788,0.076193
bot,0.680582,0.201296,0.095367,0.014145,0.008611
bot,0.35757,0.289072,0.24838,0.083023,0.021955
bot,0.266352,0.210046,0.196987,0.168163,0.158452
bot,0.321721,0.254457,0.238113,0.112867,0.072842
bot,0.405535,0.163435,0.155701,0.149269,0.12606
bot,0.328081,0.241373,0.20134,0.184072,0.045134
bot,0.289646,0.275574,0.248352,0.15353,0.032898
bot,0.54192,0.306301,0.056815,0.047806,0.047157
bot,0.247916,0.20359,0.199365,0.175262,0.173868
bot,0.619944,0.202974,0.125154,0.040229,0.011699
bot,0.266352,0.210046,0.196987,0.168163,0.158452
bot,0.300818,0.297076,0.270682,0.068676,0.062749
bot,0.418132,0.37286,0.095514,0.074561,0.038932
bot,0.48628,0.262272,0.116575,0.108517,0.026356
bot,0.417502,0.272313,0.181252,0.084917,0.044016
bot,0.877534,0.042259,0.034526,0.029103,0.016578
bot,0.298884,0.252028,0.203051,0.177208,0.068829
bot,0.528383,0.148297,0.148184,0.110837,0.0643
bot,0.321416,0.277935,0.189619,0.137601,0.073429
bot,0.37933,0.209689,0.166845,0.12553,0.118606
bot,0.523398,0.188165,0.13903,0.088054,0.061353
bot,0.338373,0.278011,0.252945,0.069006,0.061666
bot,0.360056,0.34622,0.198911,0.071645,0.023169
bot,0.496253,0.28649,0.089831,0.086198,0.041228
bot,0.470278,0.232403,0.190705,0.061814,0.0448
bot,0.314145,0.211744,0.208775,0.180513,0.084822
bot,0.307669,0.20434,0.184555,0.169458,0.133979
bot,0.339429,0.20886,0.183679,0.136783,0.131249
bot,0.563005,0.15385,0.133883,0.128422,0.02084
bot,0.383677,0.307296,0.192104,0.066533,0.05039
bot,0.544372,0.242597,0.184687,0.014847,0.013497
bot,0.439129,0.372278,0.090938,0.090077,0.007578
bot,0.237097,0.223423,0.19226,0.183955,0.163265
bot,0.68214,0.257608,0.036429,0.013934,0.009888
bot,0.333049,0.222111,0.179183,0.163223,0.102433
bot,0.462962,0.216369,0.15065,0.105082,0.064937
bot,0.42154,0.367657,0.087149,0.081774,0.04188
bot,0.519063,0.249754,0.11187,0.06098,0.058334
bot,0.353909,0.194162,0.180521,0.140309,0.131099
bot,0.377867,0.32545,0.187589,0.087554,0.02154
bot,0.298054,0.195347,0.182301,0.170082,0.154217
bot,0.441381,0.240567,0.164283,0.107582,0.046187
bot,0.468798,0.267223,0.157244,0.086972,0.019762
bot,0.370342,0.287805,0.139707,0.13761,0.064536
bot,0.266352,0.210046,0.196987,0.168163,0.158452
bot,0.41939,0.297614,0.164,0.068081,0.050916
bot,0.442192,0.185805,0.177874,0.154458,0.039671
bot,0.839986,0.095987,0.031474,0.021724,0.010828
bot,0.631969,0.173944,0.074417,0.073809,0.045861
bot,0.465504,0.390534,0.10829,0.030222,0.00545
bot,0.279309,0.237179,0.178546,0.1648,0.140166
bot,0.485655,0.269209,0.118776,0.111287,0.015072
bot,0.600282,0.167804,0.084064,0.077739,0.070111
bot,0.390827,0.296404,0.157296,0.09344,0.062034
bot,0.253894,0.241091,0.196305,0.194473,0.114237
bot,0.560066,0.4223,0.00973,0.005847,0.002058
bot,0.372422,0.232313,0.186606,0.133859,0.074799
bot,0.542595,0.228022,0.10561,0.062609,0.061165
bot,0.520395,0.309612,0.065143,0.056917,0.047933
bot,0.489388,0.226321,0.138507,0.084378,0.061406
bot,0.343078,0.20228,0.194916,0.136187,0.123539
bot,0.453492,0.274877,0.21485,0.041063,0.015719
bot,0.422923,0.31781,0.136515,0.094769,0.027983
bot,0.508046,0.188407,0.179537,0.079439,0.044571
bot,0.575363,0.212961,0.130713,0.066822,0.014141
bot,0.904726,0.045314,0.032483,0.009761,0.007716
bot,0.349196,0.217409,0.162753,0.14348,0.127161
bot,0.244861,0.225961,0.197478,0.169822,0.161878
bot,0.343078,0.20228,0.194916,0.136187,0.123539
bot,0.432127,0.187134,0.175763,0.118357,0.086618
bot,0.464531,0.262678,0.109329,0.088854,0.074608
bot,0.310216,0.273887,0.228463,0.157265,0.030169
bot,0.380098,0.300058,0.156033,0.125344,0.038468
bot,0.57335,0.167637,0.132687,0.108796,0.017531
bot,0.49501,0.394444,0.050863,0.036941,0.022743
bot,0.281289,0.205919,0.197016,0.169586,0.14619
bot,0.378206,0.172559,0.171182,0.142182,0.135871
bot,0.454834,0.221541,0.137124,0.105553,0.080947
bot,0.313738,0.229115,0.177863,0.144246,0.135038
bot,0.481191,0.239943,0.155682,0.100143,0.02304
bot,0.628907,0.197954,0.085248,0.046074,0.041817
bot,0.280962,0.245041,0.20259,0.136551,0.134856
bot,0.216564,0.212895,0.202503,0.189822,0.178217
bot,0.521046,0.192886,0.114514,0.092435,0.079119
bot,0.394767,0.332595,0.165208,0.086398,0.021031
bot,0.418967,0.287523,0.234698,0.033325,0.025488
bot,0.282531,0.21716,0.192946,0.164956,0.142407
bot,0.322248,0.256983,0.183988,0.129155,0.107626
bot,0.565455,0.224857,0.087383,0.073589,0.048716
bot,0.518773,0.241741,0.101613,0.100906,0.036967
bot,0.590786,0.243885,0.133868,0.018265,0.013196
bot,0.353909,0.194162,0.180521,0.140309,0.131099
bot,0.309011,0.286445,0.231758,0.141195,0.031591
bot,0.322785,0.209312,0.171302,0.152595,0.144006
bot,0.249614,0.229976,0.215999,0.171796,0.132615
bot,0.361307,0.354307,0.177904,0.057193,0.049289
bot,0.579505,0.149511,0.116993,0.086899,0.067091
bot,0.472886,0.256368,0.14983,0.089232,0.031683
bot,0.432712,0.320859,0.197282,0.038353,0.010794
bot,0.457119,0.30867,0.175435,0.050977,0.007798
bot,0.292236,0.265578,0.222518,0.121041,0.098627
bot,0.469192,0.17982,0.134005,0.133128,0.083855
bot,0.457736,0.22684,0.207922,0.060716,0.046786
bot,0.266352,0.210046,0.196987,0.168163,0.158452
bot,0.426275,0.304535,0.174616,0.050958,0.043616
bot,0.317418,0.224024,0.179289,0.175428,0.103841
bot,0.404014,0.265563,0.173127,0.080904,0.076393
bot,0.507659,0.354091,0.118801,0.014778,0.004671
bot,0.283709,0.245327,0.216651,0.154104,0.10021
bot,0.809282,0.092583,0.048689,0.030926,0.018521
bot,0.463506,0.206344,0.157385,0.136211,0.036554
bot,0.53209,0.148964,0.146413,0.088253,0.084279
bot,0.353985,0.243425,0.165717,0.133691,0.103181
bot,0.711522,0.096389,0.07629,0.062193,0.053606
bot,0.325528,0.24945,0.156703,0.153557,0.114761
bot,0.541323,0.333252,0.059431,0.057888,0.008106
bot,0.434609,0.299437,0.19838,0.058575,0.008999
bot,0.626832,0.13167,0.110667,0.097819,0.033012
bot,0.585438,0.178707,0.100275,0.071249,0.064331
bot,0.930047,0.05484,0.011797,0.00228,0.001037
bot,0.398466,0.265828,0.146564,0.097503,0.091639
bot,0.282531,0.21716,0.192946,0.164956,0.142407
bot,0.481353,0.356907,0.088678,0.063328,0.009735
bot,0.527491,0.23627,0.113128,0.091752,0.031358
bot,0.601335,0.245743,0.102621,0.034861,0.015441
bot,0.902232,0.050319,0.039664,0.005077,0.002708
bot,0.350745,0.287466,0.219168,0.103166,0.039455
bot,0.312615,0.277958,0.275816,0.091007,0.042603
bot,0.88796,0.047173,0.031852,0.026454,0.00656
bot,0.288317,0.280187,0.22863,0.116217,0.086648
bot,0.267917,0.227886,0.219059,0.205449,0.079688
bot,0.410388,0.318195,0.112389,0.101876,0.057153
bot,0.759004,0.088545,0.087038,0.043366,0.022047
bot,0.376051,0.365916,0.157696,0.055851,0.044486
bot,0.464106,0.260776,0.158245,0.06104,0.055833
bot,0.367391,0.222857,0.197158,0.195602,0.016991
bot,0.353909,0.194162,0.180521,0.140309,0.131099
bot,0.406382,0.250258,0.157619,0.132899,0.052841
bot,0.636969,0.165889,0.097455,0.06607,0.033618
bot,0.298054,0.195347,0.182301,0.170082,0.154217
bot,0.286609,0.220862,0.171332,0.167333,0.153864
bot,0.727092,0.112985,0.069146,0.056743,0.034034
bot,0.64017,0.227589,0.063294,0.057738,0.011209
bot,0.298054,0.195347,0.182301,0.170082,0.154217
bot,0.433146,0.260661,0.208869,0.058492,0.038832
bot,0.358231,0.231042,0.175121,0.150235,0.085372
bot,0.511753,0.31325,0.063027,0.060065,0.051905
bot,0.34706,0.258682,0.211777,0.174214,0.008266
bot,0.357988,0.275614,0.205606,0.119191,0.041601
bot,0.366757,0.254962,0.214017,0.09359,0.070675
bot,0.336531,0.234109,0.213767,0.150349,0.065245
bot,0.271397,0.254036,0.239691,0.216148,0.018728
bot,0.389045,0.34983,0.17433,0.047589,0.039206
bot,0.372321,0.2658,0.151501,0.111016,0.099362
bot,0.409672,0.231154,0.194185,0.11051,0.05448
bot,0.456569,0.225063,0.178614,0.119015,0.020739
bot,0.287118,0.228564,0.198062,0.146602,0.139654
bot,0.31299,0.261501,0.257219,0.091963,0.076327
bot,0.600883,0.193288,0.167861,0.023545,0.014423
bot,0.647336,0.170839,0.123586,0.039295,0.018945
bot,0.27325,0.266216,0.178399,0.143917,0.138218
bot,0.927581,0.03773,0.030415,0.002606,0.001667
bot,0.444139,0.283886,0.111558,0.087616,0.072802
bot,0.510076,0.184241,0.175531,0.08889,0.041261
bot,0.636597,0.199369,0.074645,0.045734,0.043653
bot,0.348616,0.199256,0.192961,0.132196,0.126972
bot,0.616595,0.14908,0.144817,0.060373,0.029136
bot,0.411706,0.334316,0.153782,0.058419,0.041777
bot,0.534532,0.193959,0.12126,0.093123,0.057125
bot,0.534526,0.186891,0.162041,0.060446,0.056095
bot,0.31976,0.273698,0.213282,0.173417,0.019843
bot,0.353909,0.194162,0.180521,0.140309,0.131099
bot,0.460367,0.164425,0.135593,0.122006,0.117609
bot,0.426442,0.39511,0.089581,0.081021,0.007846
bot,0.505844,0.264984,0.109914,0.086416,0.032842
bot,0.508035,0.196342,0.134498,0.124435,0.03669
bot,0.662928,0.232527,0.041432,0.032752,0.030361
bot,0.916983,0.051303,0.027398,0.003473,0.000842
bot,0.279212,0.242766,0.227039,0.224218,0.026765
bot,0.315212,0.267354,0.196908,0.122688,0.097837
bot,0.464377,0.337348,0.165036,0.031297,0.001942
bot,0.362454,0.188211,0.177267,0.155995,0.116073
bot,0.507199,0.310585,0.13423,0.024718,0.023268
bot,0.266507,0.254166,0.197582,0.187524,0.09422
bot,0.508984,0.229317,0.127028,0.082548,0.052122
bot,0.406243,0.173418,0.160486,0.133994,0.125858
bot,0.32609,0.204434,0.196491,0.142715,0.13027
bot,0.67125,0.231343,0.053867,0.031722,0.011817
bot,0.97124,0.0153,0.010125,0.002137,0.001198
bot,0.408242,0.307701,0.153556,0.077379,0.053122
bot,0.454592,0.236645,0.18177,0.068651,0.058342
bot,0.480627,0.300771,0.14409,0.070033,0.004479
bot,0.445354,0.290986,0.158873,0.072015,0.032772
bot,0.250123,0.206492,0.202009,0.17312,0.168256
bot,0.395447,0.218683,0.1421,0.137947,0.105824
bot,0.405535,0.163435,0.155701,0.149269,0.12606
bot,0.335044,0.222836,0.218441,0.139719,0.083959
bot,0.375548,0.281021,0.168336,0.107055,0.06804
bot,0.472886,0.256368,0.14983,0.089232,0.031683
bot,0.392525,0.178431,0.165826,0.150222,0.112995
bot,0.405535,0.163435,0.155701,0.149269,0.12606
bot,0.419407,0.215504,0.185836,0.089708,0.089545
bot,0.359029,0.261538,0.213852,0.117354,0.048227
bot,0.376528,0.24361,0.152467,0.115234,0.112161
bot,0.441411,0.295118,0.125069,0.071209,0.067193
